In:

20
3
1 5000 5000
3
10 15 15
2
10 10
5
1 2 2 5 5
10
111 444 222 333 555 999 9999 888 777 666
1
1000
2
1 1000
3
1 5000 9999
20
9 8 7 6 5 10 11 22 44 3 2 1 999 8888 9999 9998 8712 462 452 666
6
6 7 8 9 6 6
100
1 1 1 1 1 1 1 1 1 1 1 1 1 1 1 1 1 1 1 1 1 1 1 1 1 1 1 1 1 1 1 1 1 1 1 1 1 1 1 1 1 1 1 1 1 1 1 1 1 1 1 1 1 1 1 1 1 1 1 1 1
1 1 1 1 1 1 1 1 1 1 1 1 1 1 1 1 1 1 1 1 1 1 1 1 1 1 1 1 1 1 1 1 1 1 1 1 1 1 1 1 1 1 1 1 1 1 1 1 1 1 1 1 1 1 1 1 1 1 1 1 1
1 1 1 1 1 1 1 1 1 1 1 1 1 1 1 1 1 1 1 1 1 1 1 1 1 1 1 1 1 1 1 1 1 1 1 1 1 1 1 9 8 7 6 5 10 11 22 44 3 2 1 999 8888 9999
9998 8712 462 452 666 9 8 7 6 5 10 11 22 44 3 2 1 999 8888 9999 9998 8712 462 452 666 9 8 7 6 5 10 11 22 44 3 2 1 999
8888 9999 9998 8712 462 452 666 9 8 7 6 5 10 11 22 44 3 2 1 999 8888 9999 9998 8712 462 452 666 9 8 7 6 5 10 11 22 44 3 2
1 999 8888 9999 9998 8712 462 452 666
500
1 1 1 1 1 1 1 1 1 1 1 1 1 1 1 1 1 1 1 1 1 1 1 1 1 1 1 1 1 1 1 1 1 1 1 1 1 1 1 1 1 1 1 1 1 1 1 1 1 1 1 1 1 1 1 1 1 1 1 1 1
1 1 1 1 1 1 1 1 1 1 1 1 1 1 1 1 1 1 1 1 1 1 1 1 1 1 1 1 1 1 1 1 1 1 1 1 1 1 1 9 8 7 6 5 10 11 22 44 3 2 1 999 8888 9999
9998 8712 462 452 666 9 8 7 6 5 10 11 22 44 3 2 1 999 8888 9999 9998 8712 462 452 666 9 8 7 6 5 10 11 22 44 3 2 1 999
8888 9999 9998 8712 462 452 666 9 8 7 6 5 10 11 22 44 3 2 1 999 8888 9999 9998 8712 462 452 666 9 8 7 6 5 10 11 22 44 3 2
1 999 8888 9999 9998 8712 462 452 666 1 1 1 1 1 1 1 1 1 1 1 1 1 1 1 1 1 1 1 1 1 1 1 1 1 1 1 1 1 1 1 1 1 1 1 1 1 1 1 1 1 1
1 1 1 1 1 1 1 1 1 1 1 1 1 1 1 1 1 1 1 1 1 1 1 1 1 1 1 1 1 1 1 1 1 1 1 1 1 1 1 1 1 1 1 1 1 1 1 1 1 1 1 1 1 1 1 1 1 1 9 8 7
6 5 10 11 22 44 3 2 1 999 8888 9999 9998 8712 462 452 666 9 8 7 6 5 10 11 22 44 3 2 1 999 8888 9999 9998 8712 462 452 666
9 8 7 6 5 10 11 22 44 3 2 1 999 8888 9999 9998 8712 462 452 666 9 8 7 6 5 10 11 22 44 3 2 1 999 8888 9999 9998 8712 462
452 666 9 8 7 6 5 10 11 22 44 3 2 1 999 8888 9999 9998 8712 462 452 666 9 8 7 6 5 10 11 22 44 3 2 1 999 8888 9999 9998
8712 462 452 666 9 8 7 6 5 10 11 22 44 3 2 1 999 8888 9999 9998 8712 462 452 666 9 8 7 6 5 10 11 22 44 3 2 1 999 8888
9999 9998 8712 462 452 666 9 8 7 6 5 10 11 22 44 3 2 1 999 8888 9999 9998 8712 462 452 666 9 8 7 6 5 10 11 22 44 3 2 1
999 8888 9999 9998 8712 462 452 666
20
9999 9999 9999 9999 9999 9999 9999 9999 9999 9999 9999 9999 9999 9999 9999 9999 9999 9999 9999 9999
1
9998
1000
1 1 1 1 1 1 1 1 1 1 1 1 1 1 1 1 1 1 1 1 1 1 1 1 1 1 1 1 1 1 1 1 1 1 1 1 1 1 1 1 1 1 1 1 1 1 1 1 1 1 1 1 1 1 1 1 1 1 1 1 1
1 1 1 1 1 1 1 1 1 1 1 1 1 1 1 1 1 1 1 1 1 1 1 1 1 1 1 1 1 1 1 1 1 1 1 1 1 1 1 1 1 1 1 1 1 1 1 1 1 1 1 1 1 1 1 1 1 1 1 1 1
1 1 1 1 1 1 1 1 1 1 1 1 1 1 1 1 1 1 1 1 1 1 1 1 1 1 1 1 1 1 1 1 1 1 1 1 1 1 1 1 1 1 1 1 1 1 1 1 1 1 1 1 1 1 1 1 1 1 1 1 1
1 1 1 1 1 1 1 1 1 1 1 1 1 1 1 1 1 1 1 1 1 1 1 1 1 1 1 1 1 1 1 1 1 1 1 1 1 1 1 1 1 1 1 1 1 1 1 1 1 1 1 1 1 1 1 1 1 1 1 1 1
1 1 1 1 1 1 1 1 1 1 1 1 1 1 1 1 1 1 1 1 1 1 1 1 1 1 1 1 1 1 1 1 1 1 1 1 1 1 1 1 1 1 1 1 1 1 1 1 1 1 1 1 1 1 1 1 1 1 1 1 1
1 1 1 1 1 1 1 1 1 1 1 1 1 1 1 1 1 1 1 1 1 1 1 1 1 1 1 1 1 1 1 1 1 1 1 1 1 1 1 1 1 1 1 1 1 1 1 1 1 1 1 1 1 1 1 1 1 1 1 1 1
1 1 1 1 1 1 1 1 1 1 1 1 1 1 1 1 1 1 1 1 1 1 1 1 1 1 1 1 1 1 1 1 1 1 1 1 1 1 1 1 1 1 1 1 1 1 1 1 1 1 1 1 1 1 1 1 1 1 1 1 1
1 1 1 1 1 1 1 1 1 1 1 1 1 1 1 1 1 1 1 1 1 1 1 1 1 1 1 1 1 1 1 1 1 1 1 1 1 1 1 1 1 1 1 1 1 1 1 1 1 1 1 1 1 1 1 1 1 1 1 1 1
1 1 1 1 1 1 1 1 1 1 1 1 1 1 1 1 1 1 1 1 1 1 1 1 1 1 1 1 1 1 1 1 1 1 1 1 1 1 1 1 1 1 1 1 1 1 1 1 1 1 1 1 1 1 1 1 1 1 1 1 1
1 1 1 1 1 1 1 1 1 1 1 1 1 1 1 1 1 1 1 1 1 1 1 1 1 1 1 1 1 1 1 1 1 1 1 1 1 1 1 1 1 1 1 1 1 1 1 1 1 1 1 1 1 1 1 1 1 1 1 1 1
1 1 1 1 1 1 1 1 1 1 1 1 1 1 1 1 1 1 1 1 1 1 1 1 1 1 1 1 1 1 1 1 1 1 1 1 1 1 1 1 1 1 1 1 1 1 1 1 1 1 1 1 1 1 1 1 1 1 1 1 1
1 1 1 1 1 1 1 1 1 1 1 1 1 1 1 1 1 1 1 1 1 1 1 1 1 1 1 1 1 1 1 1 1 1 1 1 1 1 1 1 1 1 1 1 1 1 1 1 1 1 1 1 1 1 1 1 1 1 1 1 1
1 1 1 1 1 1 1 1 1 1 1 1 1 1 1 1 1 1 1 1 1 1 1 1 1 1 1 1 1 1 1 1 1 1 1 1 1 1 1 1 1 1 1 1 1 1 1 1 1 1 1 1 1 1 1 1 1 1 1 1 1
1 1 1 1 1 1 1 1 1 1 1 1 1 1 1 1 1 1 1 1 1 1 1 1 1 1 1 1 1 1 1 1 1 1 1 1 1 1 1 1 1 1 1 1 1 1 1 1 1 1 1 1 1 1 1 1 1 1 1 1 1
1 1 1 1 1 1 1 1 1 1 1 1 1 1 1 1 1 1 1 1 1 1 1 1 1 1 1 1 1 1 1 1 1 1 1 1 1 1 1 1 1 1 1 1 1 1 1 1 1 1 1 1 1 1 1 1 1 1 1 1 1
1 1 1 1 1 1 1 1 1 1 1 1 1 1 1 1 1 1 1 1 1 1 1 1 1 1 1 1 1 1 1 1 1 1 1 1 1 1 1 1 1 1 1 1 1 1 1 1 1 1 1 1 1 1 1 1 1 1 1 1 1
1 1 1 1 1 1 1 1 1 1 1 1 1 1 1 1 1 1 1 1 1 1 1 1
1000
1 1 1 1 1 1 1 1 1 1 1 1 1 1 1 1 1 1 1 1 1 1 1 1 1 1 1 1 1 1 1 1 1 1 1 1 1 1 1 1 1 1 1 1 1 1 1 1 1 1 1 1 1 1 1 1 1 1 1 1 1
1 1 1 1 1 1 1 1 1 1 1 1 1 1 1 1 1 1 1 1 1 1 1 1 1 1 1 1 1 1 1 1 1 1 1 1 1 1 1 9 8 7 6 5 10 11 22 44 3 2 1 999 8888 9999
9998 8712 462 452 666 9 8 7 6 5 10 11 22 44 3 2 1 999 8888 9999 9998 8712 462 452 666 9 8 7 6 5 10 11 22 44 3 2 1 999
8888 9999 9998 8712 462 452 666 9 8 7 6 5 10 11 22 44 3 2 1 999 8888 9999 9998 8712 462 452 666 9 8 7 6 5 10 11 22 44 3 2
1 999 8888 9999 9998 8712 462 452 666 1 1 1 1 1 1 1 1 1 1 1 1 1 1 1 1 1 1 1 1 1 1 1 1 1 1 1 1 1 1 1 1 1 1 1 1 1 1 1 1 1 1
1 1 1 1 1 1 1 1 1 1 1 1 1 1 1 1 1 1 1 1 1 1 1 1 1 1 1 1 1 1 1 1 1 1 1 1 1 1 1 1 1 1 1 1 1 1 1 1 1 1 1 1 1 1 1 1 1 1 9 8 7
6 5 10 11 22 44 3 2 1 999 8888 9999 9998 8712 462 452 666 9 8 7 6 5 10 11 22 44 3 2 1 999 8888 9999 9998 8712 462 452 666
9 8 7 6 5 10 11 22 44 3 2 1 999 8888 9999 9998 8712 462 452 666 9 8 7 6 5 10 11 22 44 3 2 1 999 8888 9999 9998 8712 462
452 666 9 8 7 6 5 10 11 22 44 3 2 1 999 8888 9999 9998 8712 462 452 666 9 8 7 6 5 10 11 22 44 3 2 1 999 8888 9999 9998
8712 462 452 666 9 8 7 6 5 10 11 22 44 3 2 1 999 8888 9999 9998 8712 462 452 666 9 8 7 6 5 10 11 22 44 3 2 1 999 8888
9999 9998 8712 462 452 666 9 8 7 6 5 10 11 22 44 3 2 1 999 8888 9999 9998 8712 462 452 666 9 8 7 6 5 10 11 22 44 3 2 1
999 8888 9999 9998 8712 462 452 666 1 1 1 1 1 1 1 1 1 1 1 1 1 1 1 1 1 1 1 1 1 1 1 1 1 1 1 1 1 1 1 1 1 1 1 1 1 1 1 1 1 1 1
1 1 1 1 1 1 1 1 1 1 1 1 1 1 1 1 1 1 1 1 1 1 1 1 1 1 1 1 1 1 1 1 1 1 1 1 1 1 1 1 1 1 1 1 1 1 1 1 1 1 1 1 1 1 1 1 1 9 8 7 6
5 10 11 22 44 3 2 1 999 8888 9999 9998 8712 462 452 666 9 8 7 6 5 10 11 22 44 3 2 1 999 8888 9999 9998 8712 462 452 666 9
8 7 6 5 10 11 22 44 3 2 1 999 8888 9999 9998 8712 462 452 666 9 8 7 6 5 10 11 22 44 3 2 1 999 8888 9999 9998 8712 462 452
666 9 8 7 6 5 10 11 22 44 3 2 1 999 8888 9999 9998 8712 462 452 666 1 1 1 1 1 1 1 1 1 1 1 1 1 1 1 1 1 1 1 1 1 1 1 1 1 1 1
1 1 1 1 1 1 1 1 1 1 1 1 1 1 1 1 1 1 1 1 1 1 1 1 1 1 1 1 1 1 1 1 1 1 1 1 1 1 1 1 1 1 1 1 1 1 1 1 1 1 1 1 1 1 1 1 1 1 1 1 1
1 1 1 1 1 1 1 1 1 1 1 1 9 8 7 6 5 10 11 22 44 3 2 1 999 8888 9999 9998 8712 462 452 666 9 8 7 6 5 10 11 22 44 3 2 1 999
8888 9999 9998 8712 462 452 666 9 8 7 6 5 10 11 22 44 3 2 1 999 8888 9999 9998 8712 462 452 666 9 8 7 6 5 10 11 22 44 3 2
1 999 8888 9999 9998 8712 462 452 666 9 8 7 6 5 10 11 22 44 3 2 1 999 8888 9999 9998 8712 462 452 666 9 8 7 6 5 10 11 22
44 3 2 1 999 8888 9999 9998 8712 462 452 666 9 8 7 6 5 10 11 22 44 3 2 1 999 8888 9999 9998 8712 462 452 666 9 8 7 6 5 10
11 22 44 3 2 1 999 8888 9999 9998 8712 462 452 666 9 8 7 6 5 10 11 22 44 3 2 1 999 8888 9999 9998 8712 462 452 666 9 8 7
6 5 10 11 22 44 3 2 1 999 8888 9999 9998 8712 462 452 666
10
1000 1000 1000 1000 1000 1000 1000 1000 1000 1000
2
8 4
10
10 10 10 10 20 50 40 1 1 10


Out:

10000
30
20
10
9999
1000
1000
10000
34848
36
100
174240
522720
199980
9998
1000
1045440
10000
8
80
