In:

30
5
1 2 4 3 3
13
2 3 4 4 2 1 3 1 1 1 1 1 1
20
1 1 1 1 1 1 1 1 1 1 1 1 1 1 1 1 1 1 1 1
10
2 2 2 2 2 2 2 2 2 2
10
3 1 3 1 3 1 3 1 3 3
5
4 4 4 4 4
9
3 3 3 3 3 3 3 3 3
10
2 1 2 1 2 1 2 1 2 1
20
1 1 1 1 1 1 1 1 1 1 2 2 2 2 2 2 2 2 2 2
1
1
9
1 1 1 1 1 1 1 1 1
10
2 2 2 2 2 2 2 2 2 2
15
4 4 4 4 4 4 4 4 4 4 4 4 4 4 4
20
3 3 3 3 3 3 3 3 3 3 3 3 3 3 3 3 3 3 3 3
10
4 4 4 4 1 1 1 1 2 2
50
3 3 3 3 3 3 3 3 3 3 3 3 3 3 3 3 3 3 3 3 4 4 4 4 1 1 1 1 2 2 2 2 2 2 2 2 2 2 2 2 4 4 4 4 1 1 1 1 2 2
21
2 2 2 2 2 2 2 2 2 2 2 2 2 2 2 2 2 2 2 2 2
10
3 3 3 2 3 1 2 1 3 1
2
3 3
2
1 4
3
3 1 2
3
2 1 4
4
4 4 3 2
4
1 4 3 1
4
2 2 4 1
4
3 2 1 2
5
2 4 2 3 4
8
1 1 2 1 1 1 3 2
78
2 2 2 2 3 3 2 2 2 2 2 2 2 2 2 2 2 2 2 2 2 2 2 2 2 2 2 2 2 2 2 2 2 2 2 2 1 2 2 3 2 2 2 2 2 2 2 1 1 2 2 2 2 2 2 2 1 2 2 2 2 2 2 2 2 2 2 2 2 2 2 2 2 2 2 2 2 2
9
3 1 2 1 1 1 1 1 1


Out:

4
7
5
5
6
5
9
4
8
1
3
5
15
20
6
35
11
6
2
2
2
2
4
3
3
2
4
3
39
3